134 3	
	 0.501039102 13.66291332 0.02616610666
	 0.7088059142 8.165399908 0.006209558198
	 0.6997115641 8.481107549 0.00769910406
	 0.6822190785 9.242687519 0.009774942453
	 0.7122625348 8.070214772 0.005474596756
	 0.6465327116 10.30932076 0.01393416206
	 0.6944564836 8.778536726 0.008329358938
	 0.6808720268 9.342053029 0.009297690009
	 0.7065669401 8.322575723 0.008007887803
	 0.6857297625 9.038289219 0.01063093904
	 0.5638133164 12.25210454 0.02329053977
	 0.2073029521 17.85309601 0.03621333164
	 0.6929171383 8.850955168 0.00836237666
	 0.6632059383 9.89655162 0.0115522033
	 0.6293372945 10.68989452 0.01510489255
	 0.3942805153 15.54147622 0.03242077045
	 0.6214764137 10.83420355 0.01668717162
	 0.4583495328 14.44609466 0.0299167975
	 0.6967926083 8.687408319 0.007288112111
	 0.5845955946 11.6887365 0.02044999155
	 0.7404854695 6.95647007 0.004591981748
	 0.2428797246 17.54888899 0.03565499155
	 0.626943187 10.7934566 0.01504546961
	 0.7436757713 6.944131783 0.02135208993
	 0.4753641713 14.12890853 0.02904942194
	 0.3003270954 16.93356866 0.03433699904
	 0.5112989002 13.47915314 0.02531492482
	 0.5427270582 12.73209002 0.02473994557
	 0.7070926248 8.363063672 0.006839956777
	 0.7239008833 7.469176286 0.009445725041
	 0.4527454952 14.61333697 0.02892910748
	 0.4305233812 14.95352064 0.03069836693
	 0.6233402001 10.81529327 0.01592960909
	 0.5800196716 11.87889106 0.02133498487
	 0.7110070497 8.163517482 0.005065589749
	 0.6641053418 9.916025925 0.01115558049
	 0.6991782044 8.65223921 0.007414798401
	 0.7041355631 8.463524588 0.007787582456
	 0.5140712071 13.38890377 0.02577342925
	 0.669783661 9.610012194 0.01199999109
	 0.597919924 11.38297594 0.02070392569
	 0.6784776104 9.473512095 0.008817199177
	 0.3816781821 15.77765081 0.03265409147
	 0.6328756052 10.5952481 0.0153269922
	 0.6433255418 10.36465957 0.01373515396
	 0.6685172326 9.60058445 0.01200468032
	 0.6755403817 9.493275608 0.008989872638
	 0.640444653 10.4386168 0.01519394249
	 0.6732352038 9.516605739 0.01194188457
	 0.6968503747 8.718495059 0.00712673043
	 0.7044754338 8.241502379 0.006272718782
	 0.6808364128 9.292113089 0.009783481462
	 0.6739463139 9.502203085 0.01173536862
	 0.5511339062 12.47873339 0.02457301189
	 0.586939982 11.60425145 0.02106526971
	 0.3279290859 16.55529745 0.03402805394
	 0.564829761 12.16001899 0.02311897031
	 0.3230026239 16.6004004 0.03420446688
	 0.4744953285 14.11533519 0.02953161026
	 0.2649278043 17.35249535 0.03481565837
	 0.4709516481 14.19609485 0.02894442843
	 0.3896568315 15.64606053 0.03225789327
	 0.3947470159 15.58693996 0.03119822518
	 0.6387121516 10.59474723 0.0136003845
	 0.5714290991 12.16447308 0.02111510358
	 0.584958583 11.828904 0.02038685271
	 0.6284125951 10.77763263 0.01475811524
	 0.5312887872 13.02844671 0.02520527054
	 0.6680084169 9.846951988 0.01033501624
	 0.5919132699 11.52128327 0.02042743041
	 0.5878255907 11.69763028 0.02129542711
	 0.5610078419 12.37310188 0.02296743706
	 0.6484444349 10.18719703 0.01356715587
	 0.5692517916 12.19727821 0.02192682671
	 0.6366137786 10.68458293 0.01227007584
	 0.5910642283 11.72384488 0.016799808
	 0.09193572395 18.53581567 0.0380778911
	 0.4689564721 14.26568443 0.02852903972
	 0.5301210164 13.0008682 0.02470863185
	 0.236711282 17.59646883 0.03560290405
	 0.5883114562 11.54396634 0.02100005069
	 0.5710232604 11.98234827 0.02258096969
	 0.5635990023 12.20921236 0.02276197848
	 0.5205364173 13.1642583 0.026237826
	 0.4119387518 15.27199558 0.03148173654
	 0.5555555971 12.41618264 0.0242030347
	 0.121352216 18.40203964 0.03761685218
	 0.3284703131 16.5467563 0.03423011077
	 0.3792391453 15.77455027 0.03221618001
	 0.421078982 15.12100146 0.03189884608
	 0.4371956527 14.80045616 0.03137025602
	 0.4428627619 14.76263121 0.02847689861
	 0.5086773212 13.44493885 0.02571005554
	 0.5132551496 13.31263981 0.02619693429
	 0.4927294723 13.85893496 0.0267964069
	 0.5390662268 12.72058569 0.02618310984
	 0.5774552339 11.98073285 0.02236178262
	 0.5070815261 13.60313034 0.0250250982
	 0.2818898606 17.11744224 0.03480502745
	 0.2249417676 17.7031578 0.03609750596
	 0.3387779667 16.36841131 0.03368260106
	 0.4601056112 14.37905177 0.0290217328
	 0.4583017201 14.51383134 0.02871601193
	 0.3576400206 16.13885224 0.03387887666
	 0.271471071 17.2511036 0.03480475822
	 0.4683655077 14.19441765 0.02883167108
	 0.4691334092 14.15769332 0.02986141277
	 0.3475122322 16.24689045 0.03395829869
	 0.5336845557 13.06224281 0.02222147798
	 0.4167009425 15.22959395 0.03164255657
	 0.3631252375 16.03804696 0.03349845301
	 0.1939582727 17.99639527 0.03642214869
	 0.1642466452 18.20671214 0.03664839519
	 0.4318532072 14.90695193 0.02994040794
	 0.4489439148 14.59626191 0.03101860943
	 0.3540031799 16.15033574 0.03389190628
	 0.3014350393 16.86807028 0.03504777971
	 0.5016275463 13.55490676 0.02799753191
	 0.3918880358 15.66176053 0.03177233154
	 0.2772970063 17.25418171 0.03398925046
	 0.1568010101 18.23903292 0.03632328486
	 0.3620198504 16.08528103 0.03314129934
	 0.355905233 16.12565804 0.03369440782
	 0.2587767447 17.37869926 0.03524844836
	 0.3993442433 15.44047233 0.03203118695
	 0.2002762019 17.90286896 0.03647709286
	 0.3160715041 16.76158249 0.03427153054
	 0.07369854427 18.57126785 0.03812768063
	 0.1557910887 18.25256195 0.03660355142
	 0.2494477423 17.47647619 0.03535980575
	 0.1798123071 18.05585629 0.03628821791
	 0.2853662579 17.1620078 0.03414414746
	 0.04778991857 18.63788076 0.0376499766
	 0.139004442 18.30600462 0.03736835052
	
